.010869128
.010728834
.010735323
.010556762
.011164175
.010884326
.010736205
.010453548
.010428639
.010561541
.010618184
.010804460
.011343798
.010748349
.010972251
.010942875
.010566319
.010827507
.010878952
.010839485
.010910856
.011051893
.010797367
.011015010
.010891151
.010756235
.010637593
.010159428
.010609262
.010424550
.009973096
.011312315
.010811653
.010855414
.011132410
.010787165
.010620869
.010735140
.010754271
.010461317
.010748710
.010931359
.010189480
.010674517
.010734980
.011086946
.010671084
.010616561
.010954095
.010935972
.010673456
.010924515
.010568154
.010697135
.010790249
.010975189
.010837738
.010779024
.010837500
.011097329
.010639419
.010655955
.010256093
.010130237
.010590898
.010364016
.010598179
.010843343
.010601734
.010593792
.010410383
.012313683
.010868337
.010823250
.010641117
.011027762
.010499794
.010655220
.010760949
.010726042
.010861197
.010496838
.010694830
.010641121
.010458724
.010501776
.010872817
.010710387
.010889024
.010590878
.010559570
.010771286
.011114980
.010702477
.010990828
.011017852
.010681792
.011048422
.010635117
.010048683
.011685626
.010639273
.011048440
.010550099
.010572810
.010655742
.011599482
.010390854
.010674742
.010997952
.010462855
.010510499
.010755555
.010825406
.010761461
.010729407
.010836371
.010659822
.010389930
.010755627
.010456051
.010363512
.010611204
.010123171
.010310898
.010691478
.010602157
.010969412
.010810866
.010123355
.010617508
.010919454
.010689305
.011007317
.010568689
.010655695
.010502318
.010513537
.010793077
.010608387
.010477172
.010685531
.010678082
.010522891
.010625716
.010682709
.010681735
.010789199
.010685272
.010793105
.010912480
.010712242
.010681056
.010599721
.010903660
.010702592
.010502345
.010739558
.010139104
.010571975
.010736228
.010918978
.010821605
.010987202
.010811295
.011053108
.011601719
.010896768
.010667109
.010490369
.010456965
.010025235
.010598279
.010714783
.010639224
.010280162
.010594163
.010757718
.009678550
.010636215
.010509304
.010750705
.010315475
.010680661
.010706369
.010960424
.010757426
.010497910
.010496263
.010789779
.010230637
.010755426
.010850675
.010697643
.010570604
.010910189
.010681521
.010689425
.010766383
.010818921
.010383000
.010461555
.010684615
.011315779
.011016355
.010720149
.011039714
.010717506
.010472141
.010664174
.011081382
.010991247
.010436604
.010464275
.010130421
.010589010
.010166318
.010824149
.010689323
.010625485
.010861268
.010493307
.010806420
.010707111
.010467239
.009671535
.009667777
.010002942
.010668074
.009655294
.009877472
.010335443
.011049227
.010679922
.010634190
.010853155
.010068969
.010721119
.010724608
.010654070
.010695888
.010560519
.010787455
.010739419
.010975770
.010712630
.010713939
.010671746
.010733542
.010615206
.010140453
.010728258
.010757559
.010452222
.009640952
.010394724
.010665223
.010467013
.010717082
.010772163
.010745387
.010512643
.010560352
.010984294
.010522989
.010348085
.010600199
.011258361
.010467298
.010609424
.010754997
.010532605
.010645109
.011041985
.010944963
.010592040
.009922792
.010098601
.010537758
.010861359
.010996771
.010429569
.010564118
.010414413
.010407171
.010535376
.010189911
.010518280
.010277117
.010279219
.010314802
.010562922
.010140345
.010212059
.010450039
.010467009
.010133552
.010317230
.010389760
.010792945
.010863333
.010605247
.010733267
.010837307
.010607515
.011669930
.010562815
.010666419
.011267446
.009989359
.009823303
.010293011
.010144780
.010971950
.011024040
.011604189
.010494148
.010292662
.010637898
.010261085
.010923526
.010664605
.010644460
.010771512
.010795288
.010742752
.010564750
.010785458
.010632148
.010637758
.010580897
.010844392
.010648358
.011057509
.011002914
.010888064
.010159433
.010849923
.010615625
.011083848
.010981030
.010522824
.010763500
.010467978
.010948260
.010878360
.010673038
.010789605
.010749668
.010395291
.011212424
.010682061
.010644411
.011076323
.011146548
.010636914
.010812551
.010670630
.010643263
.010555379
.010563748
.010691835
.010345548
.010761969
.010741471
.011312557
.011110150
.010783880
.010658842
.010801844
.010698099
.010605111
.010657817
.010629015
.010608941
.010147273
.010219620
.009574070
.010648132
.010792012
.009738749
.010450601
.010488353
.010461338
.010903502
.010620362
.011094508
.010756296
.010725529
.010617825
.010570637
.010541185
.010593153
.010800203
.010734029
.010700019
.010757942
.010619895
.010630123
.010592053
.010747971
.011222197
.010828184
.011142298
.010508254
.010640954
.010656766
.010524221
.010815985
.010695858
.010798569
.010833146
.010702823
.010481171
.010833072
.010943533
.011287858
.010758699
.010496449
.010568361
.010754900
.010652076
.010648735
.010681898
.010902806
.010571729
.010746164
.010894504
.010697270
.011348375
.010660860
.010833078
.010716792
.010776131
.010861108
.010810357
.010671339
.011038311
.010522849
.010718691
.010725011
.010542327
.010843685
.010737875
.010698761
.010811002
.010634574
.010653929
.010797463
.010713037
.010496223
.010594174
.010921265
.010659746
.010630785
.011071955
.010780171
.011352507
.010675931
.010626436
.010624757
.010664515
.011044996
.010656067
.010614215
.010526537
.010445700
.010446677
.010766101
.011648379
.010738356
.010170391
.010905439
.010707237
.010526124
.010546143
.010794457
.010542182
.010467921
.011168587
.010984167
.010571727
.010995322
.010589892
.010114948
.010554139
.010838967
.010716985
.010754683
.010729262
.012600003
.010669883
.010866352
.010772537
.010768583
.011181288
.010112882
.010217645
.010775047
.010650478
.010842633
.010739467
.010651016
.010610282
.011376084
.010830124
.010743951
.010780356
.010718399
.010794858
.010719333
.010657048
.011039852
.010613108
.010794865
.010652343
.010718778
.012728651
.011034737
.010667717
.010581267
.010855710
.010895077
.010634467
.010618185
.010846744
.010737932
.010954599
.010734436
.010623282
.010806856
.010608930
.010700437
.010838229
.010636572
.010937338
.010546371
.010632306
.010613725
.010591734
.010884909
.011224605
.010765346
.010659814
.010767718
.010836593
.010764498
.011039828
.010499254
.010696337
.010806872
.010686918
.010579585
.010767507
.010629096
.010746753
.010886565
.010755404
.010743318
.010730263
.010545562
.010655211
.010674240
.010743560
.010693296
.010966330
.010653398
.010622776
.010583001
.010599625
.010955263
.010496291
.010681783
.010939962
.010788645
.010653348
.010916004
.010776594
.010754138
.010628836
.010628985
.010633863
.010663886
.010536518
.010739280
.010816886
.010596665
.010419926
.010822033
.010660715
.010758451
.010540460
.010846931
.010725447
.010815375
.010674845
.010605671
.010675493
.010501894
.010502796
.010479566
.010643948
.010477998
.010892932
.010926469
.010780409
.010645682
.010739439
.010630678
.010668319
.010590645
.011125881
.010786016
.010794010
.010769961
.010678418
.010466431
.010617509
.011026036
.010823949
.010930735
.010793704
.010705421
.010461836
.010870693
.010829633
.010831559
.010627665
.010516677
.010870118
.010719668
.010290231
.010282738
.010822576
.010379895
.010388665
.010143111
.010287065
.010266450
.010334218
.010458320
.010505884
.010340581
.010130028
.010814134
.010801127
.010525297
.010651216
.010573361
.010853120
.010544954
.010818488
.010540174
.011500658
.010561175
.010798318
.010082007
.010625735
.010522033
.010565272
.010742464
.010702607
.010796527
.010832993
.010669415
.010660118
.010660069
.010676117
.010685338
.010423368
.010592064
.010876235
.010820662
.010702820
.011144123
.010779994
.010723230
.010540946
.010586520
.011013544
.010751539
.010209380
.010639748
.010798275
.010696586
.010577753
.010680471
.010693606
.010676548
.010614915
.010760954
.010774036
.010643676
.010674232
.010425122
.010911333
.010195220
.010829803
.010634444
.010802799
.010943199
.010703699
.011189836
.010949970
.011286956
.010870081
.010988096
.010501138
.010611348
.010894694
.010829461
.010758455
.010665308
.010467965
.010545438
.010586471
.010599641
.010664484
.010181242
.011133159
.011098957
.010754824
.011048856
.010704740
.010640561
.010877606
.010711983
.010765314
.010480182
.010610137
.010508350
.010670798
.010720232
.010884282
.010552745
.010779614
.010720312
.010511661
.010670875
.011232549
.011079599
.010751522
.011478083
.011186852
.010548800
.010676247
.010849956
.010732838
.010804335
.010588766
.010908369
.010767108
.010708432
.010514914
.010663724
.010821639
.010460915
.010853989
.010755609
.010733907
.010696841
.010657435
.010696834
.010473369
.010847818
.010796989
.010652966
.010670409
.010583687
.010842351
.010750173
.010762751
.010183989
.010607521
.010746818
.010950770
.010515300
.010604620
.011030287
.010557319
.010623300
.011097689
.011048014
.010885603
.010126547
.010457965
.010690507
.010586683
.010678602
.010724991
.010679954
.010765815
.010711650
.010616885
.010748030
.010603160
.010977093
.010759054
.010566894
.011240970
.010591604
.011176633
.011119591
.010989318
.010460012
.010741928
.010478990
.010991138
.010730480
.010655827
.010668567
.010695340
.011033831
.010911274
.010420492
.010592763
.010887570
.010894085
.010851720
.010742763
.010672258
.010620018
.010601715
.010784398
.010570868
.010635854
.011008479
.010358320
.010751964
.010589510
.010065637
.010288719
.010692157
.010522405
.010790931
.010881746
.010887998
.010465598
.010849673
.010768555
.010452436
.010088394
.010431355
.011001200
.010877649
.010454131
.011125032
.010608761
.010548153
.010620744
.010722601
.010573442
.010901932
.010522482
.011073501
.010929963
.011707504
.010729431
.010583936
.010173196
.011120313
.010840683
.010773160
.010596203
.010642812
.010475350
.010882556
.010478351
.010925495
.010707363
.010655323
.010661291
.010456499
.010732530
.010630353
.010602634
.010751117
.010612982
.010472607
.010530933
.010644601
.010641017
.010683353
.010582022
.010539483
.010823405
.010878984
.010754214
.011159356
.010504206
.009937125
.009856054
.010590830
.010646060
.010900072
.010755429
.010733391
.010644743
.010701089
.010441954
.010481217
.010805289
.010877817
.009724397
.010890454
.010821574
.010586657
.010618854
.010856790
.010707929
.010562960
.010800736
.010681100
.010587806
.010873166
.010806906
.010957245
.010675754
.010939019
.010767237
.010066059
.010450017
.010619340
.010776198
.010717495
.010770615
.010908056
.010707997
.010729459
.010709961
.010469479
.010822213
.011219852
.010466524
.010909785
.010771268
.010913176
.010468787
.010867439
.010555246
.010454831
.010804980
.010562937
.010685082
.010531846
.010609138
.011347994
.010219354
.010505073
.010727924
.011338411
.010791236
.010534042
.010624415
.010955437
.010757277
.010606179
.010749708
.010752194
.010809685
.010878741
.010589095
.010481326
.010637900
.010766836
.010692872
.010642376
.010686520
.010508967
.010441472
.010139046
.010655857
.010810412
.010574807
.010843723
.010806627
.010784055
.011194734
.010734616
.011045615
.010667340
.010623355
.010668691
.011142881
.010559599
.010791698
.010485061
.011724701
.010420091
.010574917
.010508954
.010243903
.010221869
.010202612
.010360705
.010759470
.010402861
.010326983
.010861459
.010543572
