include
all
exclude
********* CUBIC FUNCTIONS ***********
Solutions: 2.000000 6.000000 2.500000
Solutions: 2.500000
Solutions: 1.635838
Solutions: 13.811084
Solutions: -9.460302 0.152671 -0.692369
Solutions: -9.448407 0.260617 -0.812210
Solutions: -9.436449 0.348553 -0.912103
Solutions: -9.424429 0.424429 -1.000000
Solutions: -9.412344 0.492017 -1.079673
Solutions: -9.400195 0.553459 -1.153264
Solutions: -9.387980 0.610110 -1.222131
Solutions: -9.375698 0.662891 -1.287194
Solutions: -9.363348 0.712463 -1.349115
Solutions: -9.350930 0.759317 -1.408387
Solutions: -9.403823 0.143722 -0.739899
Solutions: -9.391702 0.248536 -0.856834
Solutions: -9.379515 0.334813 -0.955298
Solutions: -9.367262 0.409653 -1.042391
Solutions: -9.354942 0.476534 -1.121592
Solutions: -9.342554 0.537465 -1.194911
Solutions: -9.330097 0.593732 -1.263635
Solutions: -9.317570 0.646216 -1.328647
Solutions: -9.304971 0.695554 -1.390583
Solutions: -9.292300 0.742220 -1.449920
Solutions: -9.346609 0.135604 -0.788995
Solutions: -9.334251 0.237275 -0.903023
Solutions: -9.321825 0.321825 -1.000000
Solutions: -9.309330 0.395565 -1.086235
Solutions: -9.296764 0.461682 -1.164918
Solutions: -9.284126 0.522054 -1.237927
Solutions: -9.271416 0.577895 -1.306480
Solutions: -9.258631 0.630048 -1.371417
Solutions: -9.245772 0.679121 -1.433349
Solutions: -9.232837 0.725574 -1.492737
Solutions: -9.288629 0.128226 -0.839597
Solutions: -9.276025 0.226778 -0.950753
Solutions: -9.263349 0.309554 -1.046205
Solutions: -9.250599 0.382138 -1.131539
Solutions: -9.237776 0.447442 -1.209666
Solutions: -9.224877 0.507212 -1.282335
Solutions: -9.211901 0.562591 -1.350690
Solutions: -9.198848 0.614380 -1.415532
Solutions: -9.185716 0.663160 -1.477444
Solutions: -9.172503 0.709374 -1.536870
Solutions: -9.229853 0.121509 -0.891656
Solutions: -9.216991 0.216991 -1.000000
Solutions: -9.204052 0.297962 -1.093910
Solutions: -9.191037 0.369348 -1.178311
Solutions: -9.177944 0.433796 -1.255852
Solutions: -9.164771 0.492925 -1.328154
Solutions: -9.151518 0.547809 -1.396291
Solutions: -9.138182 0.599203 -1.461021
Solutions: -9.124763 0.647664 -1.522900
Solutions: -9.111260 0.693614 -1.582354
Solutions: -9.170246 0.115379 -0.945133
Solutions: -9.157113 0.207861 -1.050748
Solutions: -9.143901 0.287013 -1.143112
Solutions: -9.130607 0.357167 -1.226560
Solutions: -9.117231 0.420725 -1.303494
Solutions: -9.103771 0.479179 -1.375409
Solutions: -9.090225 0.533536 -1.443311
Solutions: -9.076593 0.584508 -1.507915
Solutions: -9.062873 0.632624 -1.569751
Solutions: -9.049063 0.678289 -1.629226
Solutions: -9.109772 0.109772 -1.000000
Solutions: -9.096356 0.199340 -1.102984
Solutions: -9.082855 0.276670 -1.193815
Solutions: -9.069269 0.345569 -1.276300
Solutions: -9.055596 0.408207 -1.352611
Solutions: -9.041833 0.465958 -1.424125
Solutions: -9.027981 0.519760 -1.491779
Solutions: -9.014037 0.570285 -1.556248
Solutions: -9.000000 0.618034 -1.618034
Solutions: -8.985868 0.663393 -1.677525
Solutions: -9.048393 0.104632 -1.056240
Solutions: -9.034679 0.191380 -1.156701
Solutions: -9.020875 0.266899 -1.246023
Solutions: -9.006981 0.334527 -1.327546
Solutions: -8.992995 0.396221 -1.403226
Solutions: -8.978915 0.453245 -1.474329
Solutions: -8.964740 0.506468 -1.541729
Solutions: -8.950467 0.556524 -1.606056
Solutions: -8.936096 0.603884 -1.667789
Solutions: -8.921623 0.648918 -1.727295
Solutions: -8.986065 0.099909 -1.113844
Solutions: -8.972038 0.183938 -1.211900
Solutions: -8.957916 0.257665 -1.299749
Solutions: -8.943698 0.324014 -1.380316
Solutions: -8.929383 0.384748 -1.455365
Solutions: -8.914968 0.441023 -1.526055
Solutions: -8.900452 0.493647 -1.593196
Solutions: -8.885832 0.543212 -1.657380
Solutions: -8.871107 0.590166 -1.719059
Solutions: -8.856275 0.634856 -1.778581
Solutions: -8.922745 0.095559 -1.172814
Solutions: -8.908387 0.176974 -1.268587
Solutions: -8.893930 0.248935 -1.355005
Solutions: -8.879371 0.314005 -1.434634
Solutions: -8.864708 0.373766 -1.509058
Solutions: -8.849939 0.429276 -1.579337
Solutions: -8.835062 0.481283 -1.646221
Solutions: -8.820076 0.530340 -1.710264
Solutions: -8.804977 0.576869 -1.771892
Solutions: -8.789764 0.621200 -1.831435
Solutions: -8.858382 0.091543 -1.233161
Solutions: -8.843677 0.170451 -1.326775
Solutions: -8.828865 0.240679 -1.411815
Solutions: -8.813945 0.304473 -1.490529
Solutions: -8.798914 0.363254 -1.564340
Solutions: -8.783771 0.417985 -1.634215
Solutions: -8.768513 0.469361 -1.700848
Solutions: -8.753138 0.517895 -1.764757
Solutions: -8.737643 0.563984 -1.826341
Solutions: -8.722026 0.607940 -1.885914
Solutions: -8.792924 0.087827 -1.294903
Solutions: -8.777850 0.164334 -1.386483
Solutions: -8.762664 0.232867 -1.470203
Solutions: -8.747362 0.295395 -1.548033
Solutions: -8.731942 0.353191 -1.621249
Solutions: -8.716402 0.407135 -1.690734
Solutions: -8.700739 0.457866 -1.757127
Solutions: -8.684951 0.505864 -1.820912
Solutions: -8.669036 0.551499 -1.882464
Solutions: -8.652989 0.595068 -1.942079
Solutions: -8.726312 0.084382 -1.358069
Solutions: -8.710849 0.158591 -1.447742
Solutions: -8.695265 0.225470 -1.530205
Solutions: -8.679558 0.286745 -1.607187
Solutions: -8.663725 0.343557 -1.679832
Solutions: -8.647764 0.396708 -1.748945
Solutions: -8.631671 0.446786 -1.815115
Solutions: -8.615444 0.494235 -1.878791
Solutions: -8.599080 0.539406 -1.940326
Solutions: -8.582576 0.582576 -2.000000
Solutions: -8.658484 0.081179 -1.422695
Solutions: -8.642607 0.153193 -1.510586
Solutions: -8.626602 0.218462 -1.591861
Solutions: -8.610464 0.278502 -1.668038
Solutions: -8.594191 0.334334 -1.740142
Solutions: -8.577781 0.386688 -1.808906
Solutions: -8.561230 0.436104 -1.874874
Solutions: -8.544535 0.482997 -1.938462
Solutions: -8.527693 0.527693 -2.000000
Solutions: -8.510699 0.570453 -2.059753
Solutions: -8.589370 0.078198 -1.488828
Solutions: -8.573053 0.148114 -1.575061
Solutions: -8.556599 0.211819 -1.655220
Solutions: -8.540002 0.270642 -1.730640
Solutions: -8.523261 0.325501 -1.802239
Solutions: -8.506372 0.377056 -1.870684
Solutions: -8.489332 0.425807 -1.936475
Solutions: -8.472136 0.472136 -2.000000
Solutions: -8.454781 0.516348 -2.061567
Solutions: -8.437264 0.558690 -2.121426
Solutions: -8.518894 0.075416 -1.556522
Solutions: -8.502109 0.143330 -1.641221
Solutions: -8.485175 0.205516 -1.720341
Solutions: -8.468089 0.263146 -1.795057
Solutions: -8.450847 0.317039 -1.866193
Solutions: -8.433445 0.367799 -1.934353
Solutions: -8.415880 0.415880 -2.000000
Solutions: -8.398148 0.461640 -2.063492
Solutions: -8.380243 0.505362 -2.125119
Solutions: -8.362163 0.547277 -2.185114
Solutions: -8.446972 0.072815 -1.625843
Solutions: -8.429686 0.138817 -1.709132
Solutions: -8.412239 0.199533 -1.787293
Solutions: -8.394629 0.255993 -1.861364
Solutions: -8.376850 0.308933 -1.932082
Solutions: -8.358899 0.358899 -2.000000
Solutions: -8.340771 0.406311 -2.065540
Solutions: -8.322461 0.451497 -2.129036
Solutions: -8.303964 0.494723 -2.190759
Solutions: -8.285276 0.536205 -2.250929
Solutions: -8.373511 0.070379 -1.696868
Solutions: -8.355688 0.134556 -1.778868
Solutions: -8.337692 0.193848 -1.856156
Solutions: -8.319518 0.249163 -1.929645
Solutions: -8.301163 0.301163 -2.000000
Solutions: -8.282620 0.350341 -2.067722
Solutions: -8.263884 0.397084 -2.133200
Solutions: -8.244951 0.441695 -2.196744
Solutions: -8.225815 0.484421 -2.258606
Solutions: -8.206470 0.525465 -2.318995
Solutions: -8.298408 0.068094 -1.769686
Solutions: -8.280008 0.130529 -1.850520
Solutions: -8.261421 0.188443 -1.927022
Solutions: -8.242641 0.242641 -2.000000
Solutions: -8.223662 0.293713 -2.070051
Solutions: -8.204480 0.342111 -2.137631
Solutions: -8.185088 0.388187 -2.203099
Solutions: -8.165480 0.432221 -2.266741
Solutions: -8.145650 0.474445 -2.328794
Solutions: -8.125591 0.515046 -2.389455
Solutions: -8.221548 0.065946 -1.844399
Solutions: -8.202526 0.126717 -1.924191
Solutions: -8.183300 0.183300 -2.000000
Solutions: -8.163864 0.236407 -2.072543
Solutions: -8.144212 0.286569 -2.142357
Solutions: -8.124336 0.334194 -2.209858
Solutions: -8.104232 0.379606 -2.275375
Solutions: -8.083890 0.423065 -2.339175
Solutions: -8.063304 0.464783 -2.401479
Solutions: -8.042466 0.504939 -2.462473
Solutions: -8.389834 0.155642 -0.765808
Solutions: -8.3
